D = [0.0005425666163774639, -0.0028466858811688396, -4.007503539011515e-05, 0.00018613757622129858, 0.0]
K = [530.779242661525, 0.0, 319.6371386685732, 0.0, 530.7376912434349, 239.44538681349192, 0.0, 0.0, 1.0]
R = [1.0, 0.0, 0.0, 0.0, 1.0, 0.0, 0.0, 0.0, 1.0]
P = [530.6843872070312, 0.0, 319.7445982367426, 0.0, 0.0, 530.7548217773438, 239.43167351522243, 0.0, 0.0, 0.0, 1.0, 0.0]
None
# oST version 5.0 parameters


[image]

width
640

height
480

[narrow_stereo]

camera matrix
530.779243 0.000000 319.637139
0.000000 530.737691 239.445387
0.000000 0.000000 1.000000

distortion
0.000543 -0.002847 -0.000040 0.000186 0.000000

rectification
1.000000 0.000000 0.000000
0.000000 1.000000 0.000000
0.000000 0.000000 1.000000

projection
530.684387 0.000000 319.744598 0.000000
0.000000 530.754822 239.431674 0.000000
0.000000 0.000000 1.000000 0.000000

