D = [0.0016018822742386717, -0.0039375973194343454, 0.00020719240339772194, 8.29147110087539e-05, 0.0]
K = [530.7188106620532, 0.0, 319.35184149576594, 0.0, 530.7234372230643, 239.7894312597894, 0.0, 0.0, 1.0]
R = [1.0, 0.0, 0.0, 0.0, 1.0, 0.0, 0.0, 0.0, 1.0]
P = [530.7680053710938, 0.0, 319.3998110696448, 0.0, 0.0, 530.8287963867188, 239.86236216581165, 0.0, 0.0, 0.0, 1.0, 0.0]
# oST version 5.0 parameters


[image]

width
640

height
480

[narrow_stereo]

camera matrix
530.718811 0.000000 319.351841
0.000000 530.723437 239.789431
0.000000 0.000000 1.000000

distortion
0.001602 -0.003938 0.000207 0.000083 0.000000

rectification
1.000000 0.000000 0.000000
0.000000 1.000000 0.000000
0.000000 0.000000 1.000000

projection
530.768005 0.000000 319.399811 0.000000
0.000000 530.828796 239.862362 0.000000
0.000000 0.000000 1.000000 0.000000

